0 0.0261590022222 0.13925579322 0.0679364177778 0.156672745763
0 0.0847916666667 0.118283898305 0.0567658844444 0.127346691525
0 0.150898288889 0.319270694915 0.0835937555556 0.193327213559
0 0.0547955111111 0.549240874576 0.08730592 0.214263471186
0 0.194066315556 0.528653827119 0.0896723955556 0.205817355932
0 0.277858615556 0.761652383051 0.161160408889 0.376460847458
0 0.173492062222 0.156352745763 0.0723525066667 0.14506939661
0 0.260185842222 0.140080823729 0.0623579511111 0.132460244068
0 0.231649831111 0.357445016949 0.08296456 0.212824874576
0 0.336649304444 0.351456566102 0.0835646088889 0.186882420339
0 0.426228955556 0.423203786441 0.0740053511111 0.184361464407
0 0.50997666 0.406618681356 0.0838494888889 0.229913545763
0 0.367351235556 0.189268213559 0.0618405422222 0.144747152542
0 0.313202613333 0.0874177457627 0.0529571822222 0.103637416949
0 0.206190475556 0.0162573491525 0.0428772088889 0.0824285084746
0 0.401975306667 0.175517888136 0.0642237022222 0.130388149153
0 0.385833333333 0.078813559322 0.0465800088889 0.100219471186
0 0.541452991111 0.159582789831 0.0572475244444 0.119436732203
0 0.58156156 0.249106732203 0.06812324 0.149067776271
0 0.701020671111 0.418831294915 0.0598748711111 0.146309776271
0 0.545256408889 0.0537157728814 0.0426357422222 0.105481545763
0 0.695609317778 0.0939037694915 0.0557325244444 0.123725722034
0 0.810442053333 0.167997081356 0.0594763288889 0.12212880678
0 0.891313131111 0.365309264407 0.08381332 0.197979532203
0 0.965250304444 0.250027935593 0.0842893066667 0.203801240678
0 0.887373735556 0.174268105085 0.0549841466667 0.131020894915
0 0.768790848889 0.0476071762712 0.0397203422222 0.0787621830508
