0 0.510835282958 0.185278833333 0.308796938907 0.27436004
0 0.298983279743 0.643884 0.0640893890675 0.0680471111111
0 0.402829903537 0.622766888889 0.0601292604502 0.0681346666667
0 0.506803215434 0.611994888889 0.0561691318328 0.0636026666667
0 0.606198713826 0.619646888889 0.0642160771704 0.0689884444444
0 0.385263344051 0.736770444444 0.0523356913183 0.0636902222222
0 0.478845659164 0.729074444444 0.061491318328 0.070784
0 0.562036977492 0.731811333333 0.0602559485531 0.0751404444444
0 0.641822508039 0.751089111111 0.0601292604502 0.0698422222222
0 0.69643877492 0.797767777778 0.0628540192926 0.070784
0 0.699654340836 0.641147111111 0.053698392283 0.0547137777778
