0 0.512546142539 0.492256538462 0.163485055679 0.359843211538
0 0.808407258352 0.608409926282 0.186535884187 0.426876916667
0 0.705374732739 0.363069467949 0.162526489978 0.361132942308
0 0.186294783964 0.246655910256 0.134440311804 0.320396705128
0 0.401414663697 0.0817837532051 0.116859554566 0.246147852564
0 0.808702821826 0.142499916667 0.156607273942 0.340077019231
0 0.153832652561 0.658466410256 0.183797020045 0.426765314103
0 0.940888144766 0.129063144231 0.104137496659 0.211244108974
0 0.0893415902004 0.0494788557692 0.0785150155902 0.150398685897
0 0.587089690423 0.0957474679487 0.108818997773 0.209113551282
