0 0.366142021605 0.404355312195 0.184127111111 0.213698990244
0 0.186836058642 0.0806737243902 0.0825819753086 0.090086697561
0 0.353737996914 0.0845711560976 0.0768308950617 0.0786925609756
0 0.141975308642 0.218292682927 0.0925925925926 0.090877604878
0 0.167760012346 0.272779226829 0.0891917654321 0.0949592097561
0 0.33911358642 0.185676092683 0.0821517839506 0.0954537073171
0 0.13830062963 0.45550367561 0.0843668765432 0.0896752390244
0 0.193194882716 0.383418090244 0.0959792345679 0.10536337561
0 0.497939833333 0.430584639024 0.087189691358 0.0901620634146
0 0.0273121697531 0.140780487805 0.0797882530864 0.0844126292683
