0 0.0687546488889 0.151299470199 0.103118222222 0.248492112583
0 0.356680017778 0.116611698675 0.0965640266667 0.21400494702
0 0.51307092 0.188361099338 0.10746988 0.24019113245
0 0.661246391111 0.130976036424 0.0941284977778 0.221956980132
0 0.816633135556 0.127779768212 0.0978338711111 0.217166503311
0 0.616362175556 0.516143403974 0.162366186667 0.370887437086
0 0.794857946667 0.536242145695 0.171453791111 0.390652086093
0 0.853215193333 0.781763741722 0.198715884444 0.410146218543
0 0.234877748889 0.336506 0.154961164444 0.332017536424
0 1.0 0.491739529801 0.113092364444 0.262112198675
