0 0.0686459777778 0.321074569014 0.142222222222 0.305300642254
0 0.312020866667 0.297340253521 0.155555555556 0.355429780282
0 0.194390853333 0.0467913577465 0.0755555555556 0.152466766197
0 0.264949326667 0.0455796112676 0.0933333333333 0.160424473239
0 0.381205715556 0.098538028169 0.106666666667 0.197963943662
0 0.550662175556 0.0486457183099 0.124444444444 0.248766321127
0 0.727626333333 0.163636242254 0.115555555556 0.233156366197
0 0.604321377778 0.387182535211 0.204444444444 0.400127887324
0 0.851254666667 0.101093239437 0.173333333333 0.322615278873
0 0.121713111111 0.276505070423 0.124444444444 0.245123380282
