0 0.482733068966 0.295942895556 0.324027275862 0.377353666667
0 0.174151123563 0.463390022222 0.0616844827586 0.0592120844444
0 0.252206635057 0.459808977778 0.0588858563218 0.06025008
0 0.32600575 0.46315432 0.0585196666667 0.0561254888889
0 0.630626554598 0.472331002222 0.0499715517241 0.0533881733333
0 0.704678367816 0.464282 0.0498521034483 0.0523679911111
0 0.754044551724 0.461709857778 0.0505690344828 0.0523506488889
0 0.843218393678 0.463138888889 0.0586724137931 0.0575204888889
0 0.914645103448 0.468080262222 0.055348408046 0.06044
0 0.963063735632 0.467847913333 0.051194545977 0.0509630222222
