0 0.25974304609 0.575390246565 0.0247453333866 0.0502586983097
0 0.287072795194 0.47571704395 0.0346900300478 0.0415763433264
0 0.361445555051 0.406272599506 0.0249250150629 0.0359326605974
0 0.378022615983 0.398102664866 0.0187472660945 0.0506211513714
0 0.477484981574 0.570488285781 0.0272785963248 0.0420311627187
0 0.529008279065 0.550063449179 0.0144834988326 0.0488527803115
0 0.564850572972 0.608886978591 0.022268691291 0.0499007513089
0 0.629814730678 0.604802011271 0.0279947623211 0.0555101637271
0 0.677753798778 0.569671292317 0.018779342723 0.0408496732026
0 0.771839820284 0.571305279245 0.0205530264597 0.0550312234724
0 0.942538745015 0.322939266173 0.034433305392 0.0514966601551
