0 0.480173153617 0.362971945911 0.021374762215 0.0384345450178
0 0.399527992327 0.548429462251 0.0118405448139 0.0284060739645
0 0.371750214549 0.554965409964 0.0164647384864 0.0265979017606
0 0.332323691251 0.524736651794 0.0118416376557 0.0300052148009
0 0.306338028169 0.538625540683 0.0134899391882 0.0236745416897
0 0.241821899137 0.478985017807 0.0247932842567 0.0285875430852
0 0.130262759352 0.389115736761 0.0172754891976 0.0285122382103
0 0.489581755768 0.564769331532 0.0158900614063 0.0286140576788
0 0.532592508456 0.565586324996 0.0143071154825 0.0258657507418
0 0.562610429603 0.619507893624 0.0163479303987 0.0253437562872
0 0.60786132566 0.621141880552 0.0126873928119 0.0243948184759
0 0.636535160786 0.627677828264 0.0109546165884 0.0359477124183
0 0.718076379423 0.605619004735 0.0193148604924 0.0270895649832
0 0.757950931395 0.607252991663 0.019332236718 0.0237583966185
0 0.767807562219 0.653821619114 0.0118392411501 0.0268112760304
0 0.81350648695 0.648102664866 0.0135526254271 0.0296488826568
0 0.882502902721 0.623592860944 0.0209005313853 0.0323350063795
