0 0.486020892963 0.232029081088 0.0621392792399 0.0304695701152
0 0.483378922357 0.370905768238 0.0584670307141 0.0417673849508
0 0.284083108927 0.396408558608 0.0473129771252 0.0367688347723
0 0.453714688482 0.439147863942 0.0506240754397 0.0286297921368
0 0.443582347779 0.460797376642 0.0496178062211 0.0286093648972
0 0.308361838948 0.518715277226 0.0424169420477 0.0291356445755
0 0.458677722952 0.555726884503 0.0496541962362 0.0301887487157
0 0.450857996729 0.632441256824 0.0496203166434 0.0166468679872
0 0.474196134357 0.895442478958 0.0566811798082 0.0416359672619
0 0.274822390177 0.246481014563 0.0434439402821 0.038599296208
