0 0.100692866879 0.450390246565 0.0219051597075 0.0267433422472
0 0.206875662578 0.415259527611 0.0274907618932 0.0352919177681
0 0.312162400929 0.412808547218 0.0326989598122 0.0396605969541
0 0.43492225756 0.408723579898 0.0333177328478 0.0407957580886
0 0.527664193044 0.477351030879 0.0340250213549 0.0366972351957
0 0.661176737846 0.367873906696 0.0386037376497 0.046614177282
0 0.746302185875 0.425880442643 0.0263778017841 0.0529322445545
0 0.814402544298 0.407906586434 0.020037009321 0.0266332742526
0 0.928201827452 0.402187632186 0.0392959931803 0.0469475273058
0 0.96538820738 0.398102664866 0.0230181744685 0.0370671673917
