0 0.289504702144 0.0372303952797 0.0289793357631 0.0257942826429
0 0.456520536301 0.109532545285 0.0352343431753 0.0150106638224
0 0.375396554944 0.253053276569 0.0320840013517 0.0185052812157
0 0.375847731832 0.332676754823 0.0311816475765 0.0121739130435
0 0.38397512532 0.426220178938 0.0311955462926 0.0208446567395
0 0.267248118272 0.436819432176 0.0328207892759 0.0310918605001
0 0.368956186295 0.650240543028 0.0286960529577 0.0232152029551
0 0.383144602475 0.754222654166 0.0274336967526 0.0183006750852
0 0.380227213589 0.777978873018 0.0197112364465 0.0198152342207
0 0.425714260967 0.998930821434 0.0263492558445 0.01312748656
0 0.351292893657 0.925167052056 0.0287738192349 0.0235947637277
