0 1.40049647393 0.852565971999 0.196185593531 0.16344379695
0 1.04689327306 1.46465743701 0.184411861965 0.0908905913985
0 0.961567207583 0.0476389351992 0.0866889201081 0.0757279688236
0 0.996440820553 0.272406735806 0.0732673267327 0.0805485429328
0 0.834193456342 0.450619581955 0.0796878947962 0.0822721929099
0 0.729546895359 0.631771523457 0.116690846569 0.091204895651
0 0.771128895405 0.847377251316 0.0567197540039 0.0641632622045
0 0.756311913857 1.36786259908 0.0797271720921 0.0849989935745
0 0.783175648297 1.47569202875 0.0889518807819 0.0528432034584
0 0.913600997429 1.64229828859 0.119669162845 0.106015024895
