0 0.667788978113 0.0237568757216 0.0420315694317 0.0362040661811
0 0.634869544172 0.237331713323 0.0368421580166 0.0250050447905
0 0.530477312975 0.311673727299 0.0571842467615 0.0466238585298
0 0.55970735716 0.431816421547 0.0538073137657 0.0311082652067
0 0.563538766147 0.609628355442 0.049043609231 0.0404331025417
0 0.549524346153 0.670199331871 0.029237077448 0.0339759253095
0 0.595573077191 0.728671583093 0.0444068126797 0.0497642955495
0 0.588284980837 1.0114579654 0.0430378814634 0.0321425765345
0 0.646672618128 0.969922453162 0.0465758146723 0.0355749943327
0 0.573117088688 1.08566814265 0.058878098558 0.0518121766329
0 0.547711373602 1.27342970422 0.0676523838393 0.0435910618613
