0 0.0896459873432 0.500732064422 0.0356380274941 0.0508768732841
0 0.146993657594 0.529326835663 0.0282071105005 0.0463576007201
0 0.163122689852 0.503183044814 0.0345165760805 0.0531363746983
0 0.248248137881 0.489294155925 0.0336906465283 0.0528688288437
0 0.311868209565 0.575895463114 0.0283017228029 0.0418020098575
0 0.357119105623 0.568542521938 0.0336477046155 0.0311891040453
0 0.646993657594 0.437006574226 0.0291094950807 0.0428984790885
0 0.668499033938 0.427202652657 0.033252870955 0.0429150939707
0 0.826205127128 0.423117685337 0.0203317505013 0.032996782459
0 0.835613729279 0.416581737624 0.0248462110496 0.0359598107513
