0 0.0901823642639 0.560650417574 0.027281672221 0.0444440428715
0 0.159626808708 0.911140613653 0.0263018828993 0.0734494275631
0 0.225038995088 0.877643881627 0.051741175503 0.0415316280636
0 0.388121432364 0.742022966594 0.029898370957 0.0612688848782
0 0.545827525554 0.748558914306 0.0345127266521 0.0517007916837
0 0.717422507633 0.825356299927 0.0401843845815 0.0805469258524
0 0.773874120536 0.550846496006 0.0421382047428 0.0621354381246
0 0.864823941325 0.844147149601 0.0484127199606 0.0654128876702
0 0.799859783619 0.859670025418 0.0415241025093 0.0569270101432
0 0.358999568565 0.21506218228 0.0303838331121 0.0476929924894
0 0.40514652197 0.24529094045 0.0396931892075 0.0563006367722
0 0.604071253153 0.36212100581 0.0306425908535 0.0465436032637
0 0.332117848135 0.350683097313 0.0289514442414 0.0488300532626
0 0.716078421612 0.395617737836 0.0313949369332 0.0544100806933
