0 1.05439192706 0.335868858537 0.0500849739474 0.0270013071943
0 1.05251837148 0.455764731063 0.0626717925935 0.0357825961905
0 0.909459217617 0.646083380628 0.0570797528195 0.0464399882808
0 1.02256280026 0.728845059305 0.0607049825467 0.058471931758
0 1.04902641546 1.1361574243 0.087335119648 0.0726398486514
0 0.74631691792 1.27074548077 0.0629249553332 0.0443414618431
0 0.819610902238 1.06092629799 0.0754517217001 0.0569025073439
0 0.847172675349 1.59662339199 0.095465689229 0.0505199480514
0 0.534055112073 0.49792074694 0.0410433382692 0.0316548740298
0 0.53972041453 0.596155713171 0.0429722946056 0.0339533851318
0 0.633579141485 0.936309459191 0.0674078206996 0.0532550172237
0 0.812299681329 1.03745201855 0.0547153335172 0.0408514835051
0 0.573116657355 1.05147032993 0.0491073958321 0.0368753924904
0 0.27723178996 1.22156158633 0.0685060699867 0.0656499788569
