0 0.702377557916 0.280153524516 0.0822959422153 0.0646151596903
0 0.795057293701 0.440085219211 0.0582611325237 0.0410924168541
0 0.800634986636 0.565522041297 0.0714149422775 0.057655735607
0 0.535310327245 0.621916437326 0.0982009335519 0.0810790611308
0 0.725311876708 0.666050509875 0.0541067196307 0.0383563313287
0 0.781197909126 0.805853347684 0.0749302672987 0.0471388675087
0 0.431527519637 0.920705641872 0.0626745925131 0.0520483071874
0 0.249212605047 1.04405390247 0.0516168529356 0.0355922497599
0 1.0022643019 0.837829997895 0.0637332223893 0.0386215777811
0 0.840862269802 0.998621462364 0.0616780359476 0.0470936360822
0 0.411968299302 1.0186155725 0.0642242763061 0.048536966468
0 0.422086117644 1.17833661942 0.0771375427489 0.0445348315148
0 0.981650446093 1.11837139341 0.0872815189957 0.0609195734842
0 0.973125421631 1.27134555823 0.0910720066702 0.056049328375
0 0.816522147499 1.61034757732 0.0904689386789 0.0342964518669
0 0.832428287909 1.77139891158 0.0652864384826 0.0646508930676
