0 0.25048828125 0.479409211601 0.0554794144336 0.0589013259381
0 0.112943478383 0.516990910948 0.0528085211414 0.0701676778853
0 0.323516955085 0.611762152778 0.0380481141747 0.07265082881
0 0.552011578741 0.480226205065 0.0485718040012 0.0548647583756
0 0.440452438956 0.980226205065 0.0728378803498 0.0739575432313
0 0.645649571573 0.976958231209 0.0601034189755 0.0791650389767
0 0.695828783042 0.976958231209 0.0575963872056 0.0777260353291
0 0.796187205981 0.949997446895 0.0471345574996 0.101131645449
0 0.797531292003 0.379736008987 0.0538652035299 0.0603142618794
0 0.731671076949 0.641173917484 0.0290211186783 0.0720525260517
0 0.823068926411 0.404245812908 0.0676980305749 0.0986971998369
