0 0.148785772289 0.567725528474 0.0417857604727 0.0739993248316
0 0.130416596662 0.535045789912 0.0513313616746 0.0636987894308
0 0.316796524978 0.904326835663 0.0454507869968 0.0796549317655
0 0.318588639673 0.865928142853 0.0615450783987 0.100388963175
0 0.575757098454 0.896156901023 0.0669817522579 0.0980323231689
0 0.590094016017 0.870013110173 0.0338689654465 0.0635739108157
0 0.66984311996 0.75236605135 0.0439153393456 0.0686497373469
0 0.688212295587 0.451712456579 0.0559023897823 0.063450952346
0 0.814108352935 0.744196116709 0.0390756898374 0.0442778127465
0 0.824413012433 0.724588273572 0.0433909670486 0.064890293131
