0 0.673089329935 0.0725897661081 0.0402705732877 0.0308114048896
0 0.684280413586 0.14115064266 0.0503966568115 0.0221077530779
0 0.739199216929 0.220766407822 0.045732802796 0.0400365194245
0 0.698026221629 0.618787460956 0.0382030411132 0.0350339072509
0 0.590081407785 0.884166349622 0.0322716631711 0.0283187451694
0 0.595523557944 0.999776594984 0.0328608631461 0.0264061251024
0 0.598140325866 1.07643431394 0.0238028272051 0.0133973756064
0 0.55515291261 1.23066734137 0.0313754017262 0.0169289395126
0 0.649222349681 1.25816465641 0.0363737824871 0.0232923154896
0 0.644247156831 1.45291623216 0.0405874180408 0.0314182977973
0 1.02961191696 1.4571623048 0.0404946673359 0.0363973258511
0 0.836251394127 1.51835811708 0.027555452865 0.023228165984
0 1.05429599715 1.49057074515 0.0370205081205 0.0248564299308
