0 0.143857456877 0.521971757073 0.0240849971846 0.0372966213132
0 0.181939894153 0.488475025047 0.0177805494311 0.0303071872565
0 0.193588639673 0.427200515243 0.0186345720537 0.0191197415032
0 0.208373585909 0.403507704785 0.0125947684706 0.0238998547729
0 0.286330575157 0.612658031582 0.0204109079944 0.0312405130836
0 0.32754921315 0.548115547922 0.00771309007455 0.018733322831
0 0.275129858311 0.365926005439 0.010662928039 0.0162825210393
0 0.571276811716 0.561187443347 0.0202090938536 0.035986838154
0 0.606671076949 0.570991364916 0.0166333775106 0.0326466937825
0 0.632208711358 0.527690711321 0.00770913996154 0.0171747984869
0 0.702997241823 0.54157960021 0.0169931328734 0.0283161566065
0 0.781402259745 0.51543580936 0.0160742958464 0.0251248301974
0 0.908642403114 0.528507704785 0.0163367988187 0.0274411274271
0 0.95613344254 0.534226659033 0.00859244174769 0.0271854983974
0 0.747352080533 0.518703783216 0.0068359375 0.0179738562092
