0 0.163122689852 0.474526450437 0.032558699767 0.054840378172
0 0.209717671931 0.467173509261 0.0232708663598 0.0447616758167
0 0.284090431788 0.491683313182 0.0406756988849 0.0613869041254
0 0.339645987343 0.589722528869 0.0166015625 0.062091503268
0 0.337853872648 0.639559130176 0.048433464643 0.0700626915402
0 0.430595808132 0.461454555012 0.0542157289776 0.0650749328642
0 0.415362833221 0.588905535405 0.0531274980222 0.0692019453543
0 0.374144195228 0.0529578229862 0.0474413579087 0.0693739890326
0 0.629968567988 0.355245404686 0.0414947444006 0.0577511775076
0 0.636240969422 0.23514736547 0.0488769108329 0.0640466679827
0 0.691796524978 0.128938215143 0.0411443082539 0.0628913171254
0 0.688212295587 0.387108149784 0.0787157191328 0.0854984490825
0 0.840542044691 0.570114685731 0.0514514807277 0.0601383813785
0 0.776473944332 0.497402267431 0.0289029259364 0.0512948099957
0 0.872352080533 0.530898999457 0.033147182783 0.0542308228441
