0 0.132734069641 0.874497234791 0.0451790913613 0.0980056235096
0 0.234884607275 0.873680241327 0.0378482610472 0.0790689404493
0 0.267142671792 0.867144293615 0.0398873851541 0.0850215721502
0 0.307913281111 0.853255404726 0.0329395806874 0.0869019030464
0 0.329866686129 0.834464555053 0.0332585472203 0.0705879172031
0 0.388558442401 0.848353443942 0.0293832528626 0.0704296584883
0 0.401103245268 0.821392659628 0.0388745671032 0.082032261712
0 0.432465252437 0.823026646556 0.0295053209062 0.0619925763059
0 0.479956291863 0.856523378582 0.0250802310386 0.0668455069135
0 0.56373765387 0.845085470085 0.0260541891309 0.0627275556562
0 0.594203603691 0.842634489693 0.0241879365418 0.0586402021822
0 0.64662295853 0.829562594268 0.0325829240428 0.0803148542962
0 0.66185593344 0.805869783811 0.0368815988761 0.0713859686888
0 0.72368389043 0.803418803419 0.0293022202602 0.0691763796447
0 0.774759159247 0.812405731523 0.037879798423 0.0794491581025
0 0.849579947777 0.809954751131 0.0355309189907 0.0795357923201
0 0.910511847419 0.823026646556 0.0248868778281 0.0539215686275
0 0.979508263189 0.839366515837 0.0351620902142 0.0609035123726
0 0.0314795893544 0.613059326295 0.0255193230804 0.057252636497
