0 0.489451406915 0.275306722802 0.0519986973747 0.0469249395166
0 0.378446270437 0.470850021015 0.0474847389586 0.0508844165573
0 0.414603262916 0.352869243158 0.0538054595779 0.0480573630449
0 0.26868598008 0.328450954736 0.05345659638 0.0469950616863
0 0.403359316446 0.397869546898 0.048935353559 0.0467648217961
0 0.454944856811 0.407976168187 0.0464417089934 0.0497915440151
0 0.572586807819 0.675874307324 0.0813332455743 0.0486713617718
0 0.56627880113 0.710507736144 0.0731977101139 0.0649032158237
0 0.278166407476 0.544931049436 0.0705561897384 0.0536883329534
0 0.408201450272 0.617825637965 0.0489436341101 0.0474604870645
