0 0.555435483871 0.940875816993 0.0455995118912 0.0885932708163
0 0.651 0.948501089325 0.0574363227852 0.0863802813486
0 0.153016129032 0.400026143791 0.0492346157157 0.0633169032727
0 0.353016129032 0.565603485839 0.0483719030654 0.0786551621166
0 0.403419354839 0.612989106754 0.0502492743572 0.0631230011839
0 0.466322580645 0.787825708061 0.0343788747702 0.0521939782454
0 0.457451612903 0.295450980392 0.0478001221334 0.0520283337316
0 0.577209677419 0.489895424837 0.0441021497173 0.0751647171313
0 0.651806451613 0.616801742919 0.0331588790728 0.050790472357
0 0.673580645161 0.276932461874 0.0365902248043 0.0673933330135
