0 0.148580645161 0.368163398693 0.0350298834388 0.0538406184854
0 0.286080645161 0.693326797386 0.0370956803147 0.0529820188929
0 0.334467741935 0.742346405229 0.0326545452096 0.0439915066003
0 0.644951612903 0.454764705882 0.0464618973235 0.0352209510134
0 0.429225806452 0.26277124183 0.0483761107912 0.053302354813
0 0.518338709677 0.22437254902 0.0318005180966 0.0766287038213
0 0.623177419355 0.230091503268 0.0381275192054 0.0402694081959
0 0.562290322581 0.289732026144 0.0351450836356 0.0644774817912
0 0.738903225806 0.221104575163 0.0473565467312 0.0643570487299
0 0.762693548387 0.185156862745 0.0255985211863 0.0631991582909
0 0.822370967742 0.23254248366 0.0373085433084 0.0382059987379
0 0.946564516129 0.590385620915 0.051272123851 0.0698981980694
0 0.962290322581 0.657379084967 0.053409527483 0.0600360447805
0 0.667129032258 0.658196078431 0.0468587655961 0.0867418211917
0 0.411887096774 0.541366013072 0.0484281571006 0.0628622732797
