0 0.149745519713 0.469470588235 0.045601184022 0.0613628043136
0 0.0843333333333 0.498882352941 0.0280287670412 0.0533255898001
0 0.203956989247 0.529928104575 0.0384162360866 0.0558664157973
0 0.318204301075 0.463751633987 0.0376941067948 0.042304057213
0 0.52788172043 0.541366013072 0.0371521575484 0.0493274821537
0 0.480838709677 0.31914379085 0.0418606420021 0.0555700991736
0 0.660050179211 0.316692810458 0.0369401207071 0.0505634307927
0 0.725462365591 0.317509803922 0.0258085203676 0.0350923455571
0 0.844637992832 0.485810457516 0.0666677900263 0.0881157789887
0 0.819996415771 0.165549019608 0.0381462821879 0.0512578900993
