0 0.41918510764 0.127911905217 0.0869323149727 0.0558949948112
0 0.643199923619 0.275583415034 0.069705763324 0.068971783615
0 0.648200631167 0.342866974211 0.0609144692394 0.0383660638549
0 0.379805724658 0.441123460637 0.0543599478246 0.0559920601214
0 0.361306179467 0.524048817422 0.0611060129036 0.0476699096668
0 0.343429554939 0.701358338473 0.049664542488 0.0396479220561
0 0.0904667920558 0.59496426582 0.0521797272195 0.0387099231034
0 0.452558374009 0.67188289038 0.0649602596822 0.0643559234161
0 0.457343857944 0.656979760881 0.0674905019347 0.0695994001442
0 0.267187361788 0.753221425448 0.0508838022766 0.0502611152388
