0 0.304276604498 0.312278266328 0.0542274808368 0.0492199145153
0 0.420474519656 0.351059422939 0.0852950556853 0.0776043814499
0 0.350381347589 0.404346397981 0.064832982036 0.0467475638638
0 0.310104657511 0.27067889836 0.0468553326185 0.041233072031
0 0.254402348576 0.232386640069 0.0383091318787 0.0365306230618
0 0.237119289074 0.267402130106 0.0482424934878 0.0399989588914
0 0.263886536266 0.509738020617 0.0364765877279 0.0235845755923
0 0.324741882448 0.758544257973 0.0475685873985 0.0413419239762
0 0.285130467772 0.797981507003 0.0475381973109 0.0573491898382
0 0.260798624678 0.758782512414 0.0298005374817 0.0346104069996
0 0.405850705616 0.934765292526 0.0567092533631 0.0503555565073
0 0.449910427673 0.93533341185 0.0724757860834 0.0612751490546
