0 0.137623655914 0.876816993464 0.0487973119875 0.0481353321134
0 0.338430107527 0.766250544662 0.0724639429085 0.0603903242481
0 0.463430107527 0.826163398693 0.0472049516485 0.0448225760526
0 0.601333333333 0.686185185185 0.0287658029496 0.0409541110602
0 0.69488172043 0.676381263617 0.0416501652671 0.0392117124484
0 0.368672043011 0.449801742919 0.0413323138229 0.0525348328175
0 0.682784946237 0.464507625272 0.0573636478677 0.0430701300189
0 0.824720430108 0.477034858388 0.0417447911319 0.0410760274097
0 0.161010752688 0.698167755991 0.0449229991004 0.0307354595666
0 0.386817204301 0.504812636166 0.0547754142461 0.0301680034866
0 0.467462365591 0.447078431373 0.0420215112898 0.0498166923064
