0 0.22834766147 0.483569551282 0.16015857461 0.321
0 0.362401781737 0.454487820513 0.0540614699332 0.0992846153846
0 0.515987908686 0.41343525641 0.0341639198218 0.0844679487179
0 0.0233739420935 0.390158974359 0.0243750556793 0.0480019230769
0 0.0743483296214 0.480769230769 0.0322873051225 0.0569121794872
0 0.0949126948775 0.485034615385 0.0366369710468 0.0553903846154
0 0.437533407572 0.474831730769 0.0335198218263 0.0676378205128
0 0.39123986637 0.421619230769 0.0457416481069 0.0733980769231
0 0.452835857461 0.426890064103 0.0280031180401 0.0479243589744
0 0.65241714922 0.438514423077 0.0327434298441 0.0703555705128
0 0.779196826281 0.40748525641 0.055593688196 0.118667307692
0 0.843116703786 0.339663461538 0.0846440979955 0.18141025641
