0 0.0987081145585 0.689832444444 0.201480190931 0.262266222222
0 0.618136990453 0.45399528 0.23948973747 0.316078222222
0 0.0248704057279 0.441845333333 0.186069689737 0.253502666667
0 0.0363477326969 0.0919675555556 0.119931264916 0.140143648889
0 0.38645202864 0.185657555556 0.150319331742 0.171176444444
0 0.468630183771 0.086986 0.146497374702 0.209336444444
0 0.825883054893 0.153197555556 0.175812410501 0.226902666667
0 0.90508353222 0.290101111111 0.184645823389 0.208856
0 0.763076849642 0.426779111111 0.182927446301 0.249415555556
0 0.869098090692 0.648196666667 0.174887828162 0.259055111111
