0 0.0832748427673 0.212074666667 0.190416352201 0.211732
0 0.257725471698 0.468759333333 0.202125157233 0.211605777778
0 0.550314465409 0.452923777778 0.21868427673 0.243854222222
0 0.750204402516 0.608524888889 0.18203081761 0.188341777778
0 0.86623836478 0.384832888889 0.182653459119 0.202346222222
0 0.760310062893 0.335001333333 0.176608805031 0.198905777778
0 0.386274213836 0.229234222222 0.148857232704 0.157004888889
0 0.254270440252 0.183418444444 0.142483647799 0.142831551111
0 0.554726415094 0.215092 0.148281132075 0.155781404444
0 0.135148742138 0.0402844444444 0.0867811320755 0.0932777777778
0 0.80052327044 0.0544226666667 0.0954446540881 0.0935248888889
0 0.0183779874214 0.492508444444 0.154130188679 0.202676
0 0.439356918239 0.150003555556 0.117188679245 0.117320444444
