0 0.405770415648 0.219642222222 0.152156479218 0.224030666667
0 0.0717994767726 0.613043111111 0.0572909535452 0.0744097777778
0 0.795530418093 0.516998444444 0.0610899755501 0.0844488888889
0 0.584543276284 0.499245333333 0.0621770171149 0.0786426666667
0 0.623621760391 0.365869333333 0.0638386308068 0.0830902222222
0 0.0464547677262 0.295099333333 0.0563139364303 0.0650493333333
0 0.159070904645 0.140928 0.0538567237164 0.0662057777778
0 0.0971537897311 0.333394444444 0.0626914425428 0.0775346666667
0 0.708834718826 0.211391111111 0.0494699266504 0.0722488888889
0 0.019897400978 0.153019777778 0.0532919315403 0.0622164444444
0 0.143278728606 0.422460444444 0.0536919315403 0.0691311111111
