0 0.375741648107 0.289152519894 0.168239643653 0.332974005305
0 0.16206169265 0.449599596817 0.062434298441 0.101834482759
0 0.958425389755 0.586983819629 0.0670075723831 0.116059734748
0 0.720207572383 0.564569230769 0.0591973273942 0.109757559682
0 0.665743875278 0.521670026525 0.0637951002227 0.105048806366
0 0.65711247216 0.452556763926 0.0543585746102 0.0857931034483
0 0.88181403118 0.485438461538 0.0602240534521 0.0890370026525
0 0.756469710468 0.504334604775 0.0569812917595 0.09653666313
0 0.50035857461 0.347120421751 0.0273207126949 0.0434394854111
0 0.561256124722 0.392989655172 0.0498993318486 0.0719862068966
0 0.0749438752784 0.642536074271 0.0772169265033 0.124746419098
0 0.951968819599 0.460054376658 0.0536547884187 0.0856928381963
0 0.615389977728 0.451680106101 0.0463434298441 0.0707023872679
0 0.652918485523 0.390852785146 0.0307220489978 0.0445320954907
0 0.809869933185 0.462323872679 0.0564369710468 0.0847114058355
0 0.913184187082 0.529683023873 0.0554191536748 0.085725729443
0 0.832962138085 0.518567639257 0.0656712694878 0.0927066312997
0 0.982348552339 0.506421220159 0.0535132605791 0.094500403183
0 0.895101336303 0.423353228117 0.0442053452116 0.0630042440318
0 0.908831848552 0.379310344828 0.034761247216 0.0516318302387
0 0.727162583519 0.398076039788 0.0266628062361 0.0395145888594
0 0.910612694878 0.59321193634 0.0560721603563 0.0915596816976
