0 0.233707793333 0.278825262658 0.163876244444 0.387465582278
0 0.475507444444 0.368530158228 0.118795875556 0.26396464557
0 0.251653173333 0.838910968354 0.200308008889 0.430291898734
0 0.618678806667 0.437508382911 0.130557453333 0.306736917722
0 0.724268722222 0.195476955696 0.103815128889 0.258066417722
0 0.660738435556 0.151857379747 0.0886727688889 0.191456018987
0 0.0278042333333 0.126517696203 0.0472860666667 0.0990716708861
0 0.0971882088889 0.0924954778481 0.0459887866667 0.0931482911392
0 0.126869657778 0.127457094937 0.0436051688889 0.0826274810127
0 0.1423007 0.241770974684 0.0648583066667 0.137051170886
0 0.341923157778 0.219377734177 0.0570789333333 0.123885170886
0 0.0812709488889 0.425408053797 0.145006764444 0.321104512658
0 0.560326937778 0.149260477848 0.0536988 0.0954512405063
0 0.559979613333 0.215226164557 0.0502027955556 0.0926306202532
0 0.91752364 0.161437291139 0.0675938044444 0.148607405063
