0 0.0947002044444 0.430920530792 0.195049431111 0.382009912023
0 0.237707228889 0.194180803519 0.0983982711111 0.181549478006
0 0.3861269 0.23163113783 0.112893835556 0.22769343695
0 0.72893322 0.502305105572 0.245744782222 0.492289782991
0 0.554224868889 0.213115228739 0.0716053466667 0.13578202346
0 0.664094353333 0.219031439883 0.0745090355556 0.130907560117
0 0.642583977778 0.110713284457 0.0600144 0.103039085044
0 0.714931773333 0.107136730205 0.0475285155556 0.0898245043988
0 0.759794377778 0.108738404692 0.0736620933333 0.125804815249
0 0.902715315556 0.324124360704 0.152500684444 0.293657372434
0 0.835306266667 0.0620206392962 0.0497709777778 0.0865846627566
0 0.896287075556 0.117123583578 0.0580998177778 0.100386580645
0 0.766042446667 0.0442271554252 0.0455834666667 0.077369431085
