0 0.343475811111 0.192366496 0.17189744 0.282207909333
0 0.817970991111 0.276530093333 0.1727042 0.307361354667
0 0.0256944444444 0.170666666667 0.04220004 0.0789164746667
0 0.0651333333333 0.04496 0.0381997777778 0.06220448
0 0.125130604444 0.162975437333 0.0286496044444 0.0558658133333
0 0.151534391111 0.176126984 0.0292819733333 0.0550262773333
0 0.103461988889 0.337656141333 0.0433812666667 0.0780156693333
0 0.0482187866667 0.514164949333 0.0493599555556 0.0805647946667
0 0.0255906422222 0.419284210667 0.0546951466667 0.120601264
0 0.595333331111 0.356114285333 0.0408176266667 0.070814368
0 0.69351518 0.498159962667 0.0616587777778 0.104025962667
0 0.6675 0.053 0.0412121377778 0.068253904
0 0.743609426667 0.373268688 0.0413970266667 0.0594013973333
0 0.971163397778 0.232031373333 0.04850136 0.0750215946667
0 0.515555555556 0.074105264 0.0398832666667 0.0634050826667
