0 0.0971469333333 0.142223971279 0.112920777778 0.210385749347
0 0.0999447577778 0.473248660574 0.110776031111 0.188161190601
0 0.0964960711111 0.813047305483 0.10431568 0.207947488251
0 0.296201206667 0.14040073107 0.113077702222 0.193909561358
0 0.299280473333 0.484697519582 0.123945235556 0.225414558747
0 0.296287897778 0.804983725849 0.116041942222 0.192161785901
0 0.500229062222 0.145466300261 0.116169106667 0.200814751958
0 0.501549595556 0.469753809399 0.118063582222 0.20816848564
0 0.501378217778 0.811482046997 0.112943711111 0.203485477807
0 0.69974678 0.15713416188 0.104613564444 0.211185984334
0 0.704846091111 0.469167754569 0.116050524444 0.206513655352
0 0.700744924444 0.814231934726 0.109459284444 0.212205650131
0 0.903791146667 0.151107430809 0.116759324444 0.208267331593
0 0.910402006667 0.482181062663 0.111330533333 0.20617105483
0 0.900006255556 0.823382203655 0.137559671111 0.263168381201
